100000
100000
000000
000000
100000
000100
000000
000000
000000
000000
100000
100000
000000
000000
000000
000000
000000
000000
000000
000000
000000
000000
000000
000000
000000
000000
010100
010100
000000
001000
011000
000000
000000
000000
000000
000000
000100
000010
000010
000010
000000
000000
000000
000000
000000
000000
000000
000000
000001
001100
000000
001100
000000
000000
000000
000000
000000
000000
000000
000000
000010
000010
000010
000010
000110
000110
000110
000110
000000
000000
000000
000000
000100
000100
000100
000100
000000
000000
000000
000000
000000
000000
000000
000000
000001
000001
000000
000000
000000
000000
000000
000000
000001
000001
000001
000001
000010
000010
000010
000010
000110
000110
000110
000110
000000
000000
000000
000000
000100
000100
000100
000000
001010
001010
001010
001010
001010
001010
001010
001010
000010
000010
000010
000010
000010
000010
000010
000010
001010
001010
001010
001010
000010
000010
000010
000010
000110
000110
000110
000110
000010
000010
000010
000010
000010
000010
000010
000010
000110
000110
000110
000110
001010
001110
001010
001110
000011
000011
000011
000011
000010
000010
000010
000010
001110
001010
001010
001010
000010
000010
000010
000110
000010
000010
000010
000010
000010
000010
000010
000010
000010
000010
000010
000010
000110
001110
000110
000110
001110
001110
001010
001110
000011
000011
000011
000011
000010
000010
000010
000110
000110
000010
000110
000010
000010
000010
000010
000010
000010
000010
000110
000110
000110
000110
000110
000110
000010
000010
000010
000010
000000
000000
000000
000000
000000
000000
000000
000000
000000
000000
000000
000000
000000
000000
000000
000000
000000
000000
000000
000000
000010
000010
000110
000110
000000
000000
000000
000000
000100
000010
000010
000010
000100
000100
000000
000000
000100
000100
000000
000000
000000
000000
000010
000010
000110
000110
000000
000000
000000
000000
000100
000100
000000
000000
000100
000100
000000
000000
000000
000000
000010
000010
000110
000110
000000
000000
000000
000000
000010
000010
000010
000010
000010
000010
000010
000010
000010
000010
000010
000010
000010
000010
000010
000010
000010
000010
000010
000010
001110
001110
000011
000011
000010
000010
001110
001110
000010
000010
000110
000110
000010
000010
000010
000010
000010
000010
001110
001110
000011
000011
000010
000010
001010
001110
000010
000010
000110
000110
000010
001010
000010
000010
000000
000000
000000
000000
000000
000000
000000
000001
000000
000000
000010
000010
000010
000010
000000
000000
000000
000000